38,2
103,2
0,526
0,386
94,2
86,6
86,5
86,2
86,0
86,12
86,4
86,11
86,10
92,6
92,5
38,5
94,5
92,7
94,4
36,4
103,4
38,4
92,4
94,1
94,3
105,1
105,3
36,1
36,3
103,1
103,3
38,1
38,3
32,1
32,3
86,1
86,9
86,3
92,1
92,3
342,52
342,51
342,50
342,49
342,48
342,47
342,46
342,45
342,44
342,43
342,42
342,41
342,40
342,39
342,38
342,37
342,36
342,35
0,273
0,270
3,2
3,1
3,3
10,209
10,111
10,253
10,191
10,189
10,127
10,113
10,1
10,195
10,2
10,3
11,10
11,23
11,26
11,6
11,28
11,1
11,19
11,2
11,3
9,7
9,1
9,5
9,2
9,3
8,7
8,6
8,15
8,9
8,1
8,14
8,2
8,3
12,2
12,1
12,3
20,2
20,1
20,3
19,2
19,1
19,3
341,5
341,4
341,3
341,2
341,1
341,0
340,4
340,3
340,2
340,1
340,0
339,4
339,3
339,2
339,1
339,0
